102 46.1817606734
38 35.4978875068
183 34.104587153
30 32.6231277455
40 26.5913163743
54 26.5819792174
31 24.9411321069
1012 23.6864706514
115 22.9627452073
28 21.4585754202
61 21.2225711332
42 20.748990909
285 20.7438284258
16 20.7311250531
98 20.7278690149
144 19.9280801203
25 19.7159454687
21 18.3090190558
198 18.0509327518
53 16.9947632354
185 16.9041164547
101 16.9011209938
424 16.6762460416
1028 15.9989134574
213 15.7650766893
273 14.3412590795
93 14.1448014411
370 14.1121872748
18 14.1028135004
602 13.8936150193
131 13.6427839436
454 13.0591487822
372 13.0191266601
44 12.8998353079
157 12.7768008353
97 12.7543075708
13 12.4379928323
1030 12.2843811322
259 12.0334382832
178 11.9166913288
46 11.8836802576
297 11.6298451092
1011 11.4047327238
239 11.3878567989
68 11.2790863782
177 11.18682198
121 11.141474015
27 11.1167838665
674 11.1088360332
10 10.6052293438
966 10.4597440946
449 10.2098052212
1019 9.96270056236
368 9.77106907227
5 9.60112784389
80 9.54233207774
269 9.51368406881
856 9.43472173086
455 9.13684433619
354 9.09599775609
168 9.07646494427
413 9.07491607858
446 8.94545977525
1318 8.84838462474
636 8.84154805116
130 8.76999941634
799 8.71669445109
244 8.70039225381
180 8.68915510447
206 8.6877686601
375 8.58717967723
70 8.54414022475
798 8.48697269268
563 8.39127197534
348 8.34994243913
69 8.29374791312
466 8.24632452922
111 8.12172754047
4 8.12034401786
1241 8.00354480552
479 8.00157835931
1841 7.96393146612
383 7.90163834802
874 7.76318012808
347 7.73286477256
218 7.7116413675
224 7.70891472491
772 7.57003303104
858 7.54722748238
17 7.54558926084
577 7.52367772024
118 7.49389095847
1140 7.39494459524
984 7.34724163995
191 7.33881751051
298 7.3316161187
1222 7.3036254358
1322 7.22243456408
214 7.18898938573
445 7.16110643422
